rumare_node={
	location=1
	color={
156 62 62 	}
	members={
		1 2 3 4 5 6 7 8 9 10 11 12 13 14 15 16 17 18 19 20 21 22 23 24 25 26 27 28 29 30 31 32 33 34 35 36 37 38 39 40 
	}
}
anvil_node={
	location=41
	color={
150 35 35 	}
	outgoing={
		name="kvatch_node"
		path={
			48 54 53 65 
		}
		control={
			1401.000000 1007.000000 1401.000000 1007.000000 1419.000000 1016.000000 1438.000000 1021.000000 
		}
	}
	members={
		41 42 43 44 45 46 47 48 49 50 51 52 53 54 55 56 57 58 59 60 61 62 63 64 
	}
}
kvatch_node={
	location=65
	color={
74 12 18 	}
	outgoing={
		name="skingrad_node"
		path={
			67 70 73 74 91 
		}
		control={
			1485.000000 1028.000000 1507.000000 1022.000000 1535.000000 1036.000000 1557.000000 1044.000000 
		}
	}
	outgoing={
		name="chorrol_node"
		path={
			68 78 82 84 86 89 134 133 
		}
		control={
			1476.000000 1052.000000 1504.000000 1086.000000 1525.000000 1105.000000 1537.000000 1141.000000 1555.000000 1188.000000 
		}
	}
	members={
		65 66 67 68 69 70 71 72 73 74 75 76 77 78 79 80 81 82 83 84 85 86 87 88 89 90 
	}
}
skingrad_node={
	location=91
	color={
181 89 89 	}
	inland=yes
	outgoing={
		name="chorrol_node"
		path={
			97 108 88 135 134 133 
		}
		control={
			1578.000000 1078.000000 1599.000000 1107.000000 1587.000000 1131.000000 1588.000000 1154.000000 1586.000000 1169.000000 
		}
	}
	outgoing={
		name="rumare_node"
		path={
			96 106 31 29 28 1 
		}
		control={
			1612.000000 1059.000000 1646.000000 1093.000000 1675.000000 1108.000000 
		}
	}
	members={
		91 92 93 94 95 96 97 98 99 100 101 102 103 104 105 106 107 108 109 110 111 112 113 
	}
}
leyawiin_node={
	location=115
	color={
138 106 84 	}
	outgoing={
		name="skingrad_node"
		path={
			130 129 779 93 92 91 
		}
		control={
			1812.000000 866.000000 1812.000000 922.000000 1784.000000 972.000000 1698.000000 1012.000000 1622.000000 1011.000000 
		}
	}
	members={
		114 115 116 117 118 119 120 121 122 123 124 125 126 127 128 129 130 131 132 
	}
}
chorrol_node={
	location=133
	color={
191 142 142 	}
	inland=yes
	outgoing={
		name="bruma_node"
		path={
			140 151 152 159 154 
		}
		control={
			1601.000000 1212.000000 1618.000000 1234.000000 1650.000000 1251.000000 1697.000000 1268.000000 
		}
	}
	outgoing={
		name="rumare_node"
		path={
			136 138 27 28 1 
		}
		control={
			1614.000000 1178.000000 1634.000000 1158.000000 1667.000000 1150.000000 
		}
	}
	members={
		133 134 135 136 137 138 139 140 141 142 143 144 145 146 147 148 149 150 151 152 153 
	}
}
bruma_node={
	location=154
	color={
136 182 219 	}
	inland=yes
	outgoing={
		name="cheydinhal_node"
		path={
			160 163 165 10 177 171 
		}
		control={
			1750.000000 1271.000000 1788.000000 1271.000000 1840.000000 1242.000000 
		}
	}
	outgoing={
		name="rumare_node"
		path={
			159 6 2 25 26 27 28 1 
		}
		control={
			1726.000000 1244.000000 1728.000000 1220.000000 1723.000000 1193.000000 
		}
	}
	members={
		154 155 156 157 158 159 160 161 162 163 164 165 166 167 168 169 170 
	}
}
cheydinhal_node={
	location=171
	color={
125 70 70 	}
	inland=yes
	outgoing={
		name="nibenay_node"
		path={
			176 175 187 189 194 227 197 
		}
		control={
			1878.000000 1148.000000 1880.000000 1112.000000 1874.000000 1079.000000 1889.000000 1050.000000 
		}
	}
	outgoing={
		name="rumare_node"
		path={
			177 13 12 9 8 7 2 25 26 27 28 1 
		}
		control={
			1841.000000 1190.000000 1796.000000 1188.000000 1778.000000 1163.000000 
		}
	}
	members={
		171 172 173 174 175 176 177 178 179 180 181 182 183 184 185 
	}
}
nibenay_node={
	location=197
	color={
171 22 22 	}
	outgoing={
		name="rumare_node"
		path={
			227 194 189 22 20 17 14 12 9 8 7 2 25 26 27 28 1 
		}
		control={
			1876.000000 1026.000000 1840.000000 1057.000000 1807.000000 1090.000000 1781.000000 1111.000000 
		}
	}
	
	members={
		186 187 188 189 190 191 192 193 194 195 196 197 198 199 200 201 202 203 204 205 206 207 208 209 210 211 212 213 214 215 216 217 218 219 220 221 222 223 224 225 226 227 228 229 
	}
}
